7
190.306622
20.376626, 25.951634, 9.223955, 4.204890, 17.972201, 38.546727, 18.358321, 
35.937789, 2.492466, -7.562770, -3.337631, -9.947403, 20.104929, -10.774854, 
2.492466, 8.947699, -5.626113, -1.408046, -8.249609, -6.383599, 2.437448, 
-7.562770, -5.626113, 22.208284, 10.489954, 19.069412, -11.853812, -3.655303, 
-3.337631, -1.408046, 10.489954, 6.159293, 10.382513, -8.694723, -2.242304, 
-9.947403, -8.249609, 19.069412, 10.382513, 40.191524, -23.098643, -6.949088, 
20.104929, -6.383599, -11.853812, -8.694723, -23.098643, 39.591550, -1.032505, 
-10.774854, 2.437448, -3.655303, -2.242304, -6.949088, -1.032505, 9.532446, 
0.057321
7
155.276744
4.590433, 27.649648, 4.079526, 2.228851, 6.239448, 15.395513, 23.594693, 
9.408997, 0.409240, -0.068518, -0.224533, -3.780190, -13.869118, 1.285481, 
0.409240, 1.638344, 0.789629, 0.343571, -2.954594, -2.523932, 2.149020, 
-0.068518, 0.789629, 14.551447, 4.023904, 7.171301, -5.951222, 1.037638, 
-0.224533, 0.343571, 4.023904, 2.247461, 1.700927, -1.835924, 0.042083, 
-3.780190, -2.954594, 7.171301, 1.700927, 20.242430, 0.426788, -5.072521, 
-13.869118, -2.523932, -5.951222, -1.835924, 0.426788, 28.755671, -2.871269, 
1.285481, 2.149020, 1.037638, 0.042083, -5.072521, -2.871269, 4.171628, 
0.046770
7
284.133436
17.652100, 22.529700, 2.312071, 2.994057, 21.394709, 39.110795, 14.955974, 
16.882588, 0.375899, -0.090824, -1.399683, -9.620887, 15.730327, -2.891011, 
0.375899, 2.610536, -0.429874, -0.778718, -5.664408, 0.611777, 1.472744, 
-0.090824, -0.429874, 2.314865, 1.691607, 2.249081, -2.129600, -1.403913, 
-1.399683, -0.778718, 1.691607, 4.262960, 5.620192, -6.086783, -2.492167, 
-9.620887, -5.664408, 2.249081, 5.620192, 47.629464, -33.329786, -2.933870, 
15.730327, 0.611777, -2.129600, -6.086783, -33.329786, 35.573525, 0.994506, 
-2.891011, 1.472744, -1.403913, -2.492167, -2.933870, 0.994506, 4.575112, 
0.085582
7
228.013110
42.926833, 9.346926, 13.764839, 7.429638, 16.179384, 26.031567, 7.571793, 
45.914772, -7.088954, -14.015961, 0.682973, -75.564786, -4.259399, 2.596524, 
-7.088954, 13.619509, 3.139049, 2.503302, 5.421298, 19.042407, -0.677670, 
-14.015961, 3.139049, 66.397191, 4.384403, 9.871753, -14.773997, 7.170255, 
0.682973, 2.503302, 4.384403, 15.078034, -3.694838, -1.342153, -0.323554, 
-75.564786, 5.421298, 9.871753, -3.694838, 139.751151, -10.222196, -8.626410, 
-4.259399, 19.042407, -14.773997, -1.342153, -10.222196, 86.815562, 3.611506, 
2.596524, -0.677670, 7.170255, -0.323554, -8.626410, 3.611506, 12.239479, 
0.068679
7
60.730358
43.838744, 18.162806, 8.755436, 3.674458, 4.283422, 49.146713, 10.540528, 
20.558310, -7.656592, -6.901647, 2.239896, -3.772656, -17.550461, -17.486162, 
-7.656592, 19.373815, -0.049506, 0.887031, -0.283107, 13.250921, 11.474267, 
-6.901647, -0.049506, 13.969370, -0.686390, -0.485177, -3.782904, 5.677807, 
2.239896, 0.887031, -0.686390, 3.299183, -0.002518, 0.231003, -2.563892, 
-3.772656, -0.283107, -0.485177, -0.002518, 6.950574, 0.750403, 3.393996, 
-17.550461, 13.250921, -3.782904, 0.231003, 0.750403, 37.488000, 22.310151, 
-17.486162, 11.474267, 5.677807, -2.563892, 3.393996, 22.310151, 27.524975, 
0.018292
7
199.886172
7.981654, 26.504292, 7.548874, 3.892242, 16.963972, 26.975503, 19.815695, 
24.616508, 3.162427, -4.033950, -0.859218, -8.015258, 27.421556, -0.576226, 
3.162427, 12.379081, -3.346778, -1.488344, -24.553256, -0.284189, 14.882019, 
-4.033950, -3.346778, 16.965400, 2.440554, 11.938882, -7.533052, -4.680337, 
-0.859218, -1.488344, 2.440554, 3.696519, 4.937364, -2.459644, -2.385547, 
-8.015258, -24.553256, 11.938882, 4.937364, 94.390214, -33.769938, -33.449895, 
27.421556, -0.284189, -7.533052, -2.459644, -33.769938, 59.356653, 1.141570, 
-0.576226, 14.882019, -4.680337, -2.385547, -33.449895, 1.141570, 23.349158, 
0.060207
7
76.084556
19.409997, 30.144574, 2.381868, 1.071345, 12.622388, 8.593316, 28.313398, 
13.234102, 0.031913, -3.152051, -1.582721, 16.952515, 18.483284, 1.466204, 
0.031913, 1.565124, -1.821470, -0.556272, 3.841110, 2.710042, 2.135235, 
-3.152051, -1.821470, 12.634652, 4.256381, -13.229687, -4.202232, -3.041536, 
-1.582721, -0.556272, 4.256381, 1.610380, -4.865055, -2.033295, -1.091889, 
16.952515, 3.841110, -13.229687, -4.865055, 37.204677, 26.344454, 7.444274, 
18.483284, 2.710042, -4.202232, -2.033295, 26.344454, 32.976165, 5.329578, 
1.466204, 2.135235, -3.041536, -1.091889, 7.444274, 5.329578, 3.288956, 
0.022917
7
220.763177
23.714485, 20.931981, 11.105802, 4.987641, 23.700178, 38.994914, 12.681671, 
47.873065, 8.096503, -13.085319, -0.920688, -60.948758, 51.350695, 7.837123, 
8.096503, 9.821606, -7.349348, -0.514379, -24.862638, 13.621357, 7.617499, 
-13.085319, -7.349348, 28.115943, 3.332709, 35.374942, -30.224789, -5.013816, 
-0.920688, -0.514379, 3.332709, 6.375766, 4.478997, -4.528758, -0.852912, 
-60.948758, -24.862638, 35.374942, 4.478997, 135.852427, -101.234054, -23.319123, 
51.350695, 13.621357, -30.224789, -4.528758, -101.234054, 87.903767, 19.512149, 
7.837123, 7.617499, -5.013816, -0.852912, -23.319123, 19.512149, 17.852447, 
0.066495
7
135.861541
68.475799, 6.148485, 0.900499, 1.595146, 51.982277, 28.193626, 8.080763, 
106.528145, -33.875920, 0.386949, -0.671733, 336.435018, -129.304359, 0.204272, 
-33.875920, 12.509012, -0.391368, -0.729145, -103.633956, 49.510991, 0.645039, 
0.386949, -0.391368, 0.306006, 0.126459, 0.612215, -1.930458, -0.178288, 
-0.671733, -0.729145, 0.126459, 0.708801, -4.338494, -4.058820, -0.617692, 
336.435018, -103.633956, 0.612215, -4.338494, 1086.713409, -398.076213, 4.481791, 
-129.304359, 49.510991, -1.930458, -4.058820, -398.076213, 205.483272, 3.698595, 
0.204272, 0.645039, -0.178288, -0.617692, 4.481791, 3.698595, 1.364728, 
0.040922
7
107.483653
89.266232, 1.236981, 2.082499, 0.954062, 129.778459, 1.721702, 6.355573, 
16.322032, -2.584090, -6.344858, -2.101258, 73.880338, -3.357982, -5.471610, 
-2.584090, 7.826729, 3.240762, 2.858891, -11.988090, 10.871333, 8.584032, 
-6.344858, 3.240762, 6.364689, 2.289427, -28.752041, 4.316000, 5.397369, 
-2.101258, 2.858891, 2.289427, 1.861854, -9.640902, 3.973526, 4.146610, 
73.880338, -11.988090, -28.752041, -9.640902, 334.659349, -15.617198, -24.955065, 
-3.357982, 10.871333, 4.316000, 3.973526, -15.617198, 15.156327, 11.723741, 
-5.471610, 8.584032, 5.397369, 4.146610, -24.955065, 11.723741, 23.885488, 
0.032375
7
114.589002
8.084397, 29.918709, 2.780738, 1.730220, 4.943420, 10.122351, 26.708713, 
21.949465, -1.574324, -3.379488, -1.883631, 6.420150, -27.991166, 0.510407, 
-1.574324, 2.432856, 0.328538, 0.209335, 1.295211, -2.179108, 3.312998, 
-3.379488, 0.328538, 4.425157, 1.673151, -2.069049, 3.483399, -0.061872, 
-1.883631, 0.209335, 1.673151, 1.263022, -0.615065, 2.013443, -0.261234, 
6.420150, 1.295211, -2.069049, -0.615065, 13.672293, -7.912634, 2.264822, 
-27.991166, -2.179108, 3.483399, 2.013443, -7.912634, 46.482403, -6.342499, 
0.510407, 3.312998, -0.061872, -0.261234, 2.264822, -6.342499, 5.966032, 
0.034515
7
283.448324
6.891384, 25.895251, 2.451530, 2.186079, 12.832081, 30.493134, 19.893704, 
13.230010, -0.637465, -0.094455, 0.798062, 1.340851, 14.191604, -4.235257, 
-0.637465, 2.997801, 0.546914, -0.330433, -5.927674, -2.326305, 3.441254, 
-0.094455, 0.546914, 3.236207, 0.950040, -2.049059, -0.124938, 0.600620, 
0.798062, -0.330433, 0.950040, 1.949484, 1.135022, -0.273838, -1.558771, 
1.340851, -5.927674, -2.049059, 1.135022, 33.403993, -7.608316, -5.759264, 
14.191604, -2.326305, -0.124938, -0.273838, -7.608316, 24.625281, -5.258408, 
-4.235257, 3.441254, 0.600620, -1.558771, -5.759264, -5.258408, 7.191210, 
0.085376
7
227.322403
54.979509, 12.435427, 8.385785, 5.904451, 13.952872, 38.926184, 6.595242, 
16.297207, -4.251207, -0.800785, -1.139928, 35.158625, -7.455138, -1.293479, 
-4.251207, 16.421558, 8.792521, 3.124670, 0.318462, 18.148154, 2.137756, 
-0.800785, 8.792521, 34.965146, 11.549906, 3.677509, -6.434836, 6.320515, 
-1.139928, 3.124670, 11.549906, 12.641243, -2.592902, -9.110747, 0.491712, 
35.158625, 0.318462, 3.677509, -2.592902, 94.152399, 11.923556, -1.372939, 
-7.455138, 18.148154, -6.434836, -9.110747, 11.923556, 68.449035, 5.430296, 
-1.293479, 2.137756, 6.320515, 0.491712, -1.372939, 5.430296, 13.932061, 
0.068471
7
273.235560
29.189964, 19.069941, 2.680563, 3.563188, 21.727526, 43.774106, 10.448808, 
17.668898, -0.086008, 0.246809, -2.393069, -25.009201, 17.305630, -3.125047, 
-0.086008, 2.812578, -0.159891, -1.037090, -5.180535, 2.522810, 0.912222, 
0.246809, -0.159891, 2.947198, 1.631903, -0.455044, -0.902937, -1.584354, 
-2.393069, -1.037090, 1.631903, 4.552815, 7.036314, -7.432837, -2.542932, 
-25.009201, -5.180535, -0.455044, 7.036314, 67.424896, -50.131582, 0.541915, 
17.305630, 2.522810, -0.902937, -7.432837, -50.131582, 42.267514, 3.248929, 
-3.125047, 0.912222, -1.584354, -2.542932, 0.541915, 3.248929, 5.899500, 
0.082300
7
84.552344
26.436864, 18.186030, 22.581479, 10.719188, 21.435895, 22.779068, 15.213335, 
251.935929, -65.039903, 20.286344, 23.656157, -61.144880, 13.616503, 5.679606, 
-65.039903, 79.006941, -45.561677, -2.824529, -9.479854, 15.571864, 19.116040, 
20.286344, -45.561677, 87.222159, 20.469863, -3.381264, -16.883604, -16.245314, 
23.656157, -2.824529, 20.469863, 32.053590, -14.401575, 0.405148, -0.371485, 
-61.144880, -9.479854, -3.381264, -14.401575, 171.834008, 4.671864, -13.987357, 
13.616503, 15.571864, -16.883604, 0.405148, 4.671864, 94.768198, 5.328480, 
5.679606, 19.116040, -16.245314, -0.371485, -13.987357, 5.328480, 55.032755, 
0.025468
7
204.284135
35.656606, 19.356925, 12.494377, 6.959977, 18.112195, 41.224660, 10.219733, 
27.744783, 0.874559, -10.280554, -3.680230, -36.576182, 9.466051, -11.512648, 
0.874559, 13.765115, -3.327494, 0.018602, -11.744526, 3.426322, 1.240986, 
-10.280554, -3.327494, 40.722963, 19.786736, 18.994233, -17.251198, 5.859940, 
-3.680230, 0.018602, 19.786736, 13.415384, 9.228092, -11.588653, 1.494101, 
-36.576182, -11.744526, 18.994233, 9.228092, 71.539595, -32.092572, 12.407387, 
9.466051, 3.426322, -17.251198, -11.588653, -32.092572, 30.714712, 1.849043, 
-11.512648, 1.240986, 5.859940, 1.494101, 12.407387, 1.849043, 13.634855, 
0.061531
7
290.657947
67.139033, 5.023379, 11.453166, 5.801908, 45.514056, 15.461501, 7.906814, 
46.926823, -1.776103, -9.827554, -2.021573, 155.767984, -19.066039, -0.613466, 
-1.776103, 8.520764, -1.166838, 2.277312, -4.381212, 17.249507, 1.428544, 
-9.827554, -1.166838, 59.568401, 7.049075, -22.558775, -39.968142, 16.872516, 
-2.021573, 2.277312, 7.049075, 12.941904, -5.098235, -2.423227, 3.943837, 
155.767984, -4.381212, -22.558775, -5.098235, 523.081815, -63.419997, 1.505520, 
-19.066039, 17.249507, -39.968142, -2.423227, -63.419997, 106.188839, -9.550512, 
-0.613466, 1.428544, 16.872516, 3.943837, 1.505520, -9.550512, 25.548792, 
0.087548
7
183.370917
39.450854, 14.672388, 2.962902, 4.486707, 15.671380, 42.243261, 7.216946, 
24.313706, -3.283312, -2.558036, -4.147471, -41.748480, 15.797492, -1.633569, 
-3.283312, 3.444537, -0.395309, -1.081309, -1.197878, 6.525195, 1.164092, 
-2.558036, -0.395309, 4.337782, 3.960749, 6.133261, -6.884260, -2.762074, 
-4.147471, -1.081309, 3.960749, 7.891689, 11.021225, -13.133749, -5.191426, 
-41.748480, -1.197878, 6.133261, 11.021225, 98.292746, -59.034092, -0.601428, 
15.797492, 6.525195, -6.884260, -13.133749, -59.034092, 56.735528, 8.726601, 
-1.633569, 1.164092, -2.762074, -5.191426, -0.601428, 8.726601, 8.772746, 
0.055232
