<?xml version="1.0"?>
<opencv_storage>
<!-- My inverse rotation matrix -->
<ROTATION type_id="opencv-matrix">
  <rows>3</rows>
  <cols>3</cols>
  <dt>f</dt>
  <data>
    -0.99979115 0.02025432 2.71015381e-003 0.02000492 0.99717253
    -0.07243440 -4.16960055e-003 -0.07236507 -0.99736947</data></ROTATION>
</opencv_storage>
