circle
7
52.889505668322286
25.315703179792166 15.456326948186756 24.955705242996196 10.659691913933287 29.118870583028006 20.147907014326037 13.320585541695181 
134.637446529208230 29.215796603545350 -39.421210573177511 3.571589633547629 -63.465741073362423 7.997313375810050 18.127159007888697 
29.215796603545350 99.778986852652977 -63.702774721269790 15.943365683164162 -38.051293079092886 50.434166506603567 67.831977954953175 
-39.421210573177511 -63.702774721269861 141.316594384455020 17.203300520160766 -30.819414439911604 -59.822135034800844 -57.787444123825374 
3.571589633547629 15.943365683164179 17.203300520160766 44.682666895026287 -11.349646499425068 -15.968459988356795 12.029253744053070 
-63.465741073362423 -38.051293079092815 -30.819414439911604 -11.349646499424999 196.979973907568280 17.493627101928588 -7.051725371846795 
7.997313375810050 50.434166506603567 -59.822135034800844 -15.968459988356795 17.493627101928588 79.094500825440036 45.849219864631856 
18.127159007888697 67.831977954953189 -57.787444123825374 12.029253744053070 -7.051725371846795 45.849219864631927 72.895149749802982 
0.034122261721498
7
95.336073298385017
42.711136271709968 10.395447634902178 13.759676334903695 6.056537307515941 15.450853453526642 31.340588553515804 6.987320046128203 
29.987347250769378 -0.548843379497495 -5.484647424354726 -3.274217671452384 -54.517695142018788 5.862397352624218 -7.212469837522216 
-0.548843379497495 13.241072556161090 -5.040375630855158 -1.211221189253679 -5.567605758957416 10.656834152611491 0.158221494398374 
-5.484647424354726 -5.040375630855158 44.154024223906575 3.726016845978967 10.555387269672739 -28.824454669595458 2.793857133766280 
-3.274217671452384 -1.211221189253679 3.726016845978967 7.857331143232298 6.018265886777723 -5.297039034964508 0.621490098071291 
-54.517695142018788 -5.567605758957416 10.555387269672739 6.018265886777723 115.987633485344200 -32.569390135109316 11.904822627411395 
5.862397352624373 10.656834152611491 -28.824454669595458 -5.297039034964508 -32.569390135109316 50.960336886762121 -0.619855135094536 
-7.212469837522216 0.158221494398384 2.793857133766318 0.621490098071295 11.904822627411395 -0.619855135094498 10.195886200246351 
0.061507144063474
7
271.973399489111900
57.691001876349702 7.677252891968740 18.775768039204888 9.181342085436928 19.376017945687060 20.441105531808226 10.575725332317404 
22.433207694731319 0.111777506418285 -14.656177958405408 0.888506074833359 55.635397464408328 2.715807173860079 1.803038737083820 
0.111777506418285 16.986832623679302 -6.638784308732225 3.522971753095664 2.522458672598277 25.963710381049882 -6.345360612877018 
-14.656177958405193 -6.638784308732225 45.212026143065202 0.994724608062015 -22.343729930903027 -35.274969474848923 4.021598475338794 
0.888506074833251 3.522971753095664 0.994724608062015 24.668020082225745 0.210801613631417 -6.153661193962897 -3.064234739908997 
55.635397464408328 2.522458672598277 -22.343729930903027 0.210801613631417 152.802928950772270 13.587926789079479 5.841847658319773 
2.715807173859864 25.963710381049882 -35.274969474848923 -6.153661193962897 13.587926789079479 106.168103322147600 -13.367583965604561 
1.803038737083927 -6.345360612877004 4.021598475338794 -3.064234739908997 5.841847658319773 -13.367583965604561 27.744497227395438 
0.175466709347814
7
169.539358244073550
44.172368859506754 6.173082288844752 23.709937999739129 8.624780199689402 12.197712761373403 17.561888086637040 11.248989585180498 
24.906403839071888 0.224499373079518 -22.308485804781618 2.974222150999064 -33.801722702170210 2.291330380106440 -3.022334650626610 
0.224499373079475 9.613183762874836 -8.775469184245425 2.925540447378110 2.490775997393266 12.355683930321995 -1.131067463553453 
-22.308485804781618 -8.775469184245404 91.887190545157438 6.317571921769941 -6.743011962825769 -32.231083613387554 20.310632984923544 
2.974222150999064 2.925540447378110 6.317571921769941 24.992384858799877 -7.208808663433041 6.892362193970119 13.090915063954268 
-33.801722702170295 2.490775997393266 -6.743011962825856 -7.208808663433041 71.410902456098171 6.963275730580009 -7.291823474362700 
2.291330380106440 12.355683930322016 -32.231083613387554 6.892362193970119 6.963275730580052 55.492965422974400 2.058726610895100 
-3.022334650626610 -1.131067463553464 20.310632984923590 13.090915063954268 -7.291823474362743 2.058726610895100 40.028401844883497 
0.109380231125209
7
133.853706959991030
67.309396051196430 3.993340844602347 7.431833793585256 6.016507270284111 44.296396624952507 16.956047400142012 5.144849198146274 
18.360631967628890 -0.959218592370992 -5.933557164388759 -5.116087827244488 61.504916030155606 -0.104149059586228 -3.030842542838557 
-0.959218592370992 3.372745863923025 0.503506670877500 1.138229652392400 -0.845984620119818 13.229365531704527 -0.099136140620524 
-5.933557164388650 0.503506670877500 21.324295970200414 9.000278226611115 -15.559536547452050 -4.770243181365035 4.314613303080203 
-5.116087827244434 1.138229652392400 9.000278226611123 18.676253426346456 -11.028991717397616 9.469934917550221 4.235518006494279 
61.504916030155606 -0.845984620119818 -15.559536547452050 -11.028991717397616 212.103121439385460 17.209946237485994 -8.973442545817026 
-0.104149059586228 13.229365531704527 -4.770243181365062 9.469934917550221 17.209946237486104 92.157116681244162 -2.244978643918076 
-3.030842542838611 -0.099136140620524 4.314613303080203 4.235518006494282 -8.973442545817026 -2.244978643918090 7.906564128131781 
0.086357230296768
7
71.943903559121409
53.216700733084266 8.965037928942714 8.084046092859897 5.986501891779248 8.134294675483481 33.120492159147986 5.242617365598801 
7.050825414828805 -3.315976016299743 2.418586055103578 3.423206078610660 13.171903004560697 -10.435260576984904 -2.901878071762913 
-3.315976016299743 15.203107170705744 -3.217017325431836 -5.588931638259636 1.831780344581648 34.530083699702303 -0.859065593048925 
2.418586055103578 -3.217017325431836 20.055109957807446 0.342651437419770 3.463622792980379 -13.216033109545268 -0.772281865086409 
3.423206078610660 -5.588931638259636 0.342651437419770 9.592975202636934 6.444110007767310 -13.205189868111047 0.756180761224151 
13.171903004560697 1.831780344581648 3.463622792980379 6.444110007767303 39.944469699957338 12.589435511815189 -5.584526354120372 
-10.435260576984904 34.530083699702303 -13.216033109545268 -13.205189868111047 12.589435511815241 127.635622284977430 0.699044735246007 
-2.901878071762964 -0.859065593048919 -0.772281865086409 0.756180761224151 -5.584526354120372 0.699044735246007 7.175468300739727 
0.046415421651046
7
133.858254549585130
60.694938697543414 5.565337175354524 25.750023265409812 10.993977989656898 28.142160106670705 8.504351351078659 15.400415065375023 
17.045204135722670 -1.075657840576373 -9.764936567561213 -3.749239776539992 42.898325949695810 -3.971913606908580 -9.021752128174629 
-1.075657840576373 11.552619920428185 0.362256133130603 10.485564710960848 -3.338189352337078 7.643251433714323 -2.447799338331306 
-9.764936567560994 0.362256133130575 7.679011676839327 3.047210749738069 -23.474388463134492 4.841780364497367 4.198046635495877 
-3.749239776539992 10.485564710960848 3.047210749738069 32.541549285367594 -9.560764499267032 22.145164118810786 6.125494828938372 
42.898325949696030 -3.338189352337050 -23.474388463134382 -9.560764499267085 108.963824632221990 -8.968597006123487 -22.528830785412886 
-3.971913606908580 7.643251433714323 4.841780364497367 22.145164118810786 -8.968597006123487 18.573018255480044 2.838190255993722 
-9.021752128174629 -2.447799338331306 4.198046635495877 6.125494828938372 -22.528830785412886 2.838190255993722 40.525585858941113 
0.086360164225539
7
48.510236132694693
78.211307282983469 12.646991986536131 13.477581855108623 11.491730818844157 83.546987913410760 16.134467454715569 10.090496335742781 
12.663542982135247 -3.712334133770004 -12.019775853422839 -10.114588473288096 46.439514782402604 -3.269625297241024 5.044974995844771 
-3.712334133770004 20.713821920375029 2.854941899738427 3.813536375784254 -14.187906099183492 22.258362808224263 15.405556439630246 
-12.019775853422686 2.854941899738388 12.144819834625197 10.684063725037593 -43.961466285331753 2.754053603668492 -5.933658777636182 
-10.114588473288096 3.813536375784254 10.684063725037612 10.132860996624959 -36.982194544275679 4.131405117756703 -4.868032853663635 
46.439514782400153 -14.187906099183186 -43.961466285331909 -36.982194544275679 170.558326388145390 -12.507062375966639 18.020855830077824 
-3.269625297240871 22.258362808224263 2.754053603668531 4.131405117756703 -12.507062375966639 24.408451798971587 16.637864082255508 
5.044974995844771 15.405556439630226 -5.933658777636182 -4.868032853663635 18.020855830077977 16.637864082255508 25.125774099343324 
0.031296926537222
7
88.110190291934643
84.257259228986797 5.180733318953318 7.750511501209718 6.329206854252469 107.764097923862050 6.838716955499404 19.178288045065692 
12.877238315059996 0.943073387021008 -11.696386499788465 -4.093171200171038 54.472654775001246 3.767076613016281 -9.099573248876844 
0.943073387021008 17.614606616873637 -2.121589647695049 1.586916793082056 3.869105922364495 23.542598663089063 3.829702233656912 
-11.696386499788465 -2.121589647695049 11.401801138851315 3.362489399408163 -49.492530185095489 -4.931758385129602 5.545321443784538 
-4.093171200171038 1.586916793082056 3.362489399408163 20.581789526480609 -17.335841732080340 0.210667222597686 12.355290972895466 
54.472654775001246 3.869105922364495 -49.492530185095489 -17.335841732080340 230.736972028276680 15.672668056315954 -37.948490776367990 
3.767076613016281 23.542598663089063 -4.931758385129592 0.210667222597681 15.672668056315954 33.041920897155016 2.136198917049311 
-9.099573248876844 3.829702233656912 5.545321443784559 12.355290972895487 -37.948490776367656 2.136198917049311 136.763212560123180 
0.056845284059313
7
118.967740750807510
88.759960887766297 0.460200420087632 1.554609354149675 0.570664560188177 127.329488511841390 0.632989916224451 4.808841987720685 
12.134753981710881 -0.946513638981398 -2.693258006327488 -1.041841577691991 55.241608678056060 -1.178394314799925 0.005727617443870 
-0.946513638981398 0.266878570194752 0.742515815267461 0.299834137298134 -4.342122084514377 0.342378927726942 -0.126593261755915 
-2.693258006327488 0.742515815267461 2.731974857511137 0.961113615549942 -12.479713946787346 0.962187657015949 -0.387106253771982 
-1.041841577691991 0.299834137298134 0.961113615549942 0.473996314853025 -4.820023120718805 0.394619251689166 -0.208987543488850 
55.241608678056060 -4.342122084514377 -12.479713946787314 -4.820023120718805 251.671491353449880 -5.414681859166996 0.015168304098684 
-1.178394314799940 0.342378927726942 0.962187657015949 0.394619251689166 -5.414681859167011 0.456806511171672 -0.167593425134073 
0.005727617443870 -0.126593261755915 -0.387106253771984 -0.208987543488850 0.015168304098560 -0.167593425134073 1.650925208303633 
0.076753381129553
7
69.254749727329667
80.009898512563481 1.872988550621534 2.876132685686851 1.520179542547640 89.578956398587366 8.656185816167351 6.155153352227573 
18.395267920804645 -2.974583162862764 1.216700605277960 0.001101038214204 76.167389575813090 -13.696051671292564 1.254550943366235 
-2.974583162862764 2.008957270857421 -1.524510897363634 -0.027214755084372 -11.700452054920694 11.475012080036466 1.924113043283405 
1.216700605277960 -1.524510897363634 7.349181510111300 0.374815152957637 4.990566515905865 -13.472364655618152 -5.839553045996804 
0.001101038214231 -0.027214755084372 0.374815152957637 0.441136388658865 0.130664681510955 -0.446499252357396 -0.162108577036930 
76.167389575813090 -11.700452054920694 4.990566515905865 0.130664681510955 316.013851880506190 -53.295712777557668 5.639772243217353 
-13.696051671292564 11.475012080036466 -13.472364655618152 -0.446499252357396 -53.295712777557668 73.028126742247025 15.296775712754737 
1.254550943366235 1.924113043283405 -5.839553045996804 -0.162108577036929 5.639772243217353 15.296775712754732 6.745127613798468 
0.044680483695051
7
104.590239917726220
72.846878331134050 4.148673786839256 17.429529793768850 8.128485968841176 64.290632950937123 5.420368313574812 15.569063403043302 
10.479158975264587 -1.980969978381106 -7.503341838192638 -2.767918160674379 35.640937270616291 -2.302164115185173 2.682609370493663 
-1.980969978381106 5.616955217310413 1.018858202809024 5.357230124943213 -6.964123241825742 6.325212156768957 -3.724601945831863 
-7.503341838192638 1.018858202809024 6.301534203496280 2.351381990075419 -25.116646021828377 2.188468645735371 -2.611458037082575 
-2.767918160674379 5.357230124943213 2.351381990075402 17.329306502419900 -9.399216301652906 10.398356561744986 -11.975740875779268 
35.640937270616291 -6.964123241825777 -25.116646021828377 -9.399216301652906 121.532201886684930 -7.757416336591187 8.893849843744963 
-2.302164115185173 6.325212156768964 2.188468645735371 10.398356561744963 -7.757416336591187 10.999274383450750 -7.451916598284219 
2.682609370493803 -3.724601945831863 -2.611458037082540 -11.975740875779268 8.893849843745105 -7.451916598284219 65.188522004519129 
0.067477574140469
7
114.102656756071160
60.809609818603668 7.128796581535028 3.992108186939548 4.101888153031390 25.280632493975904 30.272411869550300 5.531108942998403 
19.278846451979756 -4.017343875798754 -0.906924283839826 -1.555843091741479 54.573000839560990 -7.794965440201767 -0.218204399088451 
-4.017343875798754 3.644991985616703 -1.862358313634184 -1.541542853365773 -8.489302060139678 12.380474797897445 0.278940092230373 
-0.906924283839826 -1.862358313634184 6.532794319629987 1.583614024225092 -4.201023602830416 -7.006158513222711 -1.147500822945878 
-1.555843091741479 -1.541542853365773 1.583614024225092 3.985592620993240 -6.196645968405135 -6.759987422388175 -1.428648084970440 
54.573000839560990 -8.489302060139678 -4.201023602830416 -6.196645968405135 159.553164100700850 -6.851579972890621 0.594967481211408 
-7.794965440201767 12.380474797897413 -7.006158513222711 -6.759987422388175 -6.851579972890749 57.945931744237242 4.075583629072589 
-0.218204399088451 0.278940092230373 -1.147500822945878 -1.428648084970440 0.594967481211408 4.075583629072589 6.482173472781810 
0.073614617261981
7
77.069984654845442
72.244680901337858 7.898816408037215 7.985254851242829 7.622322829547913 61.066645692935289 16.818755363584007 11.330338374669029 
12.644609026064696 -7.855669877074807 -4.631777103992844 -6.732296196262790 44.625556099241898 -11.688044273511055 -3.208014737780565 
-7.855669877074807 25.778253477998032 16.538570794918648 10.402560363009124 -24.945857575160691 21.046784290082783 8.532959242339501 
-4.631777103992844 16.538570794918659 29.448088503382120 11.754429155490024 -14.638907351263692 -15.217094163504330 11.961059775979892 
-6.732296196262790 10.402560363009124 11.754429155490024 20.444721199287823 -23.280067588445927 -4.900852559451544 6.554291077724677 
44.625556099241138 -24.945857575160787 -14.638907351263692 -23.280067588445927 158.788838667332780 -35.807967664403947 -11.332931587655665 
-11.688044273511055 21.046784290082783 -15.217094163504354 -4.900852559451544 -35.807967664403947 91.420649604371249 -5.005448392413430 
-3.208014737780565 8.532959242339489 11.961059775979892 6.554291077724677 -11.332931587655665 -5.005448392413430 39.939966230743678 
0.049722570745062
