ellipse
7
190.306621975381860
20.376625537939635 25.951633989865034 9.223955368783637 4.204889518750019 17.972201215496682 38.546727241940431 18.358321041813671 
35.937788920752283 2.492466300762425 -7.562770027465103 -3.337630647320190 -9.947402880878164 20.104928945213789 -10.774854345028967 
2.492466300762425 8.947699484518381 -5.626112591898124 -1.408046467551858 -8.249608624129856 -6.383598730304756 2.437448107959497 
-7.562770027465103 -5.626112591898124 22.208284330294266 10.489954466342331 19.069411786599886 -11.853811603691918 -3.655303428566092 
-3.337630647320190 -1.408046467551839 10.489954466342331 6.159292567107547 10.382513307016287 -8.694722517661717 -2.242304402043142 
-9.947402880878164 -8.249608624129934 19.069411786599925 10.382513307016287 40.191523564025516 -23.098642807079901 -6.949088217870727 
20.104928945213789 -6.383598730304756 -11.853811603691918 -8.694722517661717 -23.098642807079901 39.591550421327078 -1.032504995947173 
-10.774854345028967 2.437448107959497 -3.655303428566131 -2.242304402043133 -6.949088217870727 -1.032504995947019 9.532445841479712 
0.057321271679332
7
155.276743615400930
4.590433194551646 27.649647630545452 4.079526005205712 2.228850570198718 6.239448123656820 15.395513319358233 23.594693190910778 
9.408996680743833 0.409240113298060 -0.068517954356260 -0.224532995372356 -3.780189952768893 -13.869117633184915 1.285481016616208 
0.409240113298060 1.638343795510544 0.789628561985338 0.343571248259055 -2.954594003580768 -2.523932237669870 2.149019641335901 
-0.068517954356260 0.789628561985338 14.551447469250146 4.023903601525080 7.171301369741326 -5.951222031792208 1.037637719073580 
-0.224532995372356 0.343571248259055 4.023903601525079 2.247460956353437 1.700927202886385 -1.835923719539244 0.042083079537854 
-3.780189952768893 -2.954594003580768 7.171301369741326 1.700927202886385 20.242430006987608 0.426787661379439 -5.072521163274176 
-13.869117633184915 -2.523932237669870 -5.951222031792208 -1.835923719539244 0.426787661379428 28.755671366635035 -2.871268670459880 
1.285481016616208 2.149019641335901 1.037637719073580 0.042083079537848 -5.072521163274176 -2.871268670459880 4.171628007324045 
0.046770103498615
7
284.133435861568840
17.652100493222278 22.529700202235222 2.312071220268034 2.994057051983218 21.394708785952208 39.110795321494706 14.955973915144686 
16.882588202152697 0.375899478930445 -0.090824094118104 -1.399682644293934 -9.620886832401908 15.730326687509567 -2.891010990015811 
0.375899478930496 2.610535979944030 -0.429874211022250 -0.778718366078420 -5.664408298254872 0.611777097666752 1.472744499027346 
-0.090824094118104 -0.429874211022250 2.314865323110707 1.691607294203157 2.249080853883694 -2.129600028266761 -1.403912637504521 
-1.399682644293934 -0.778718366078420 1.691607294203158 4.262959791393621 5.620191554550336 -6.086783118659011 -2.492166763694544 
-9.620886832401908 -5.664408298254872 2.249080853883694 5.620191554550336 47.629463808895267 -33.329785972581760 -2.933870416968994 
15.730326687509567 0.611777097666649 -2.129600028266761 -6.086783118659037 -33.329785972581760 35.573524977768599 0.994506085495718 
-2.891010990015811 1.472744499027346 -1.403912637504527 -2.492166763694544 -2.933870416969045 0.994506085495718 4.575111622077528 
0.085582360199268
7
228.013110487508380
42.926833176222672 9.346926415760992 13.764839052711315 7.429637694860562 16.179383971432486 26.031566664217024 7.571793309146979 
45.914771572040252 -7.088953781701045 -14.015960504981607 0.682972752650899 -75.564785913658341 -4.259398514295209 2.596524310309073 
-7.088953781701045 13.619509438564656 3.139048828820326 2.503301728163202 5.421298008579078 19.042407093216280 -0.677670427460994 
-14.015960504981607 3.139048828820326 66.397190947409797 4.384403392304655 9.871752936591362 -14.773997483071273 7.170255396621120 
0.682972752650899 2.503301728163218 4.384403392304671 15.078034270338016 -3.694837680949970 -1.342152718986629 -0.323553565244074 
-75.564785913658341 5.421298008579046 9.871752936591362 -3.694837680949954 139.751150503610060 -10.222196451745582 -8.626409873238410 
-4.259398514295209 19.042407093216280 -14.773997483071273 -1.342152718986629 -10.222196451745582 86.815561786477730 3.611506475843274 
2.596524310309073 -0.677670427460986 7.170255396621120 -0.323553565244074 -8.626409873238426 3.611506475843242 12.239478886463639 
0.068678647737201
7
60.730357905815339
43.838744240632188 18.162805982563263 8.755436187075917 3.674457816566294 4.283422268686206 49.146712615689253 10.540527754808956 
20.558310346804500 -7.656592011393077 -6.901647022911035 2.239895896983529 -3.772656084461853 -17.550460716543295 -17.486162170364789 
-7.656592011393077 19.373815145128791 -0.049506313992580 0.887030851137771 -0.283106618225290 13.250921352870586 11.474266592483703 
-6.901647022911035 -0.049506313992580 13.969370178541682 -0.686390391756075 -0.485176890903397 -3.782904446487481 5.677807057777251 
2.239895896983529 0.887030851137771 -0.686390391756075 3.299182637713599 -0.002517931154553 0.231003215618874 -2.563891765107144 
-3.772656084461853 -0.283106618225290 -0.485176890903397 -0.002517931154551 6.950574400014885 0.750402715294586 3.393996265428980 
-17.550460716543295 13.250921352870586 -3.782904446487481 0.231003215618874 0.750402715294617 37.488000150520570 22.310151084007661 
-17.486162170364850 11.474266592483735 5.677807057777251 -2.563891765107152 3.393996265428988 22.310151084007661 27.524975499324523 
0.018292276477655
7
199.886172191390220
7.981653617273309 26.504292424362909 7.548874011278541 3.892242428304625 16.963972364837595 26.975502878553076 19.815694757221003 
24.616508067526116 3.162426673758876 -4.033950090673542 -0.859217650461740 -8.015257797947102 27.421555559318918 -0.576226004610771 
3.162426673758839 12.379080966680448 -3.346777816088740 -1.488343637543682 -24.553256382690019 -0.284189298089189 14.882018720063817 
-4.033950090673551 -3.346777816088740 16.965400007307164 2.440554493010371 11.938881511475024 -7.533051619714924 -4.680336552391434 
-0.859217650461736 -1.488343637543682 2.440554493010375 3.696518765438426 4.937363698728829 -2.459644478692026 -2.385547214928250 
-8.015257797947120 -24.553256382689945 11.938881511475024 4.937363698728829 94.390214072567375 -33.769937903181507 -33.449895406468912 
27.421555559318918 -0.284189298089189 -7.533051619714924 -2.459644478692026 -33.769937903181507 59.356652766559243 1.141569520212391 
-0.576226004610771 14.882018720063890 -4.680336552391451 -2.385547214928259 -33.449895406468912 1.141569520212245 23.349157781995082 
0.060206678370901
7
76.084555666748074
19.409997047164722 30.144573905085057 2.381867646156942 1.071344611293173 12.622388404021653 8.593315990952904 28.313397944823592 
13.234102013202373 0.031912668264056 -3.152051367242116 -1.582721103084523 16.952514684464603 18.483284206266539 1.466204377552495 
0.031912668264056 1.565123740481962 -1.821469529766886 -0.556271912103610 3.841109947055977 2.710042301160447 2.135235033614419 
-3.152051367242122 -1.821469529766899 12.634651532777715 4.256381462124031 -13.229686559556175 -4.202231706259751 -3.041535537707909 
-1.582721103084525 -0.556271912103610 4.256381462124031 1.610380352391610 -4.865054786066125 -2.033295090703906 -1.091888760425539 
16.952514684464553 3.841109947055929 -13.229686559556175 -4.865054786066125 37.204677372232013 26.344454182534982 7.444274227175277 
18.483284206266539 2.710042301160447 -4.202231706259751 -2.033295090703906 26.344454182534982 32.976165435435824 5.329577523240370 
1.466204377552592 2.135235033614419 -3.041535537707921 -1.091888760425545 7.444274227175277 5.329577523240370 3.288955711475602 
0.022917034839382
7
220.763176655531340
23.714484558181631 20.931981280572298 11.105801985424323 4.987641258766037 23.700178011082187 38.994914398489499 12.681671055966804 
47.873065093443707 8.096503336800851 -13.085319369185918 -0.920688440091642 -60.948757552177987 51.350695159946056 7.837122624544902 
8.096503336800916 9.821605631744884 -7.349347695242701 -0.514379143157193 -24.862637878633052 13.621356955822449 7.617498980010519 
-13.085319369185918 -7.349347695242701 28.115943389728876 3.332709280785410 35.374942195793587 -30.224789179931747 -5.013815800389017 
-0.920688440091659 -0.514379143157193 3.332709280785410 6.375766163719653 4.478997066241530 -4.528758260164921 -0.852912403880616 
-60.948757552177987 -24.862637878633052 35.374942195793587 4.478997066241547 135.852427431906190 -101.234054496011030 -23.319123073059444 
51.350695159946056 13.621356955822449 -30.224789179931683 -4.528758260164921 -101.234054496011030 87.903766767003347 19.512148937313569 
7.837122624544902 7.617498980010519 -5.013815800389034 -0.852912403880616 -23.319123073059444 19.512148937313569 17.852447362234823 
0.066494932727570
7
135.861541037687520
68.475799484506084 6.148484647224215 0.900498604852006 1.595146288031459 51.982277457588793 28.193626289099168 8.080762730937332 
106.528145050437640 -33.875920357641213 0.386949280403648 -0.671732837700027 336.435017612745180 -129.304358760737780 0.204272213105587 
-33.875920357641213 12.509011876538729 -0.391368370476979 -0.729145028166188 -103.633956251950590 49.510991136205362 0.645039254565566 
0.386949280403648 -0.391368370476979 0.306005875690566 0.126458644034272 0.612214630845831 -1.930457961831647 -0.178287907226931 
-0.671732837700027 -0.729145028166188 0.126458644034272 0.708801054164921 -4.338493811785922 -4.058820054856162 -0.617692111018406 
336.435017612745180 -103.633956251950590 0.612214630845824 -4.338493811785922 1086.713409123291300 -398.076213225023710 4.481790611578366 
-129.304358760737780 49.510991136205391 -1.930457961831647 -4.058820054856162 -398.076213225023710 205.483271558790560 3.698594737377472 
0.204272213105587 0.645039254565566 -0.178287907226931 -0.617692111018406 4.481790611578366 3.698594737377472 1.364728228163135 
0.040922150914966
7
107.483652768803440
89.266231610610021 1.236981495819853 2.082498735481515 0.954061791463801 129.778458931094780 1.721701579984066 6.355572513618926 
16.322032286836613 -2.584090220950850 -6.344858435983650 -2.101258358642889 73.880338124132805 -3.357982007777504 -5.471609822354761 
-2.584090220950850 7.826729228111772 3.240762305032683 2.858890792655789 -11.988089559832854 10.871333425873779 8.584031936896764 
-6.344858435983650 3.240762305032682 6.364689243561653 2.289427234855442 -28.752040961833799 4.315999975473894 5.397368537278309 
-2.101258358642889 2.858890792655789 2.289427234855443 1.861854124808402 -9.640901759538867 3.973525869486505 4.146610063461685 
73.880338124132805 -11.988089559832854 -28.752040961833799 -9.640901759538867 334.659349213244580 -15.617197967180710 -24.955065215110238 
-3.357982007777470 10.871333425873781 4.315999975473892 3.973525869486505 -15.617197967180640 15.156327105482724 11.723740820597383 
-5.471609822354761 8.584031936896766 5.397368537278306 4.146610063461686 -24.955065215110238 11.723740820597383 23.885488492836295 
0.032374594207471
7
114.589002139275070
8.084397104914265 29.918709220572737 2.780737994962026 1.730220219188045 4.943419530744400 10.122350530901452 26.708712596598016 
21.949464765634392 -1.574324426444101 -3.379487893949963 -1.883631420311751 6.420150483321986 -27.991165636761501 0.510406610935518 
-1.574324426444133 2.432856204115158 0.328537951578853 0.209334782236293 1.295210545552283 -2.179107577889954 3.312997978669911 
-3.379487893949963 0.328537951578853 4.425157265132006 1.673151236486218 -2.069048564360894 3.483398762789198 -0.061871935169815 
-1.883631420311749 0.209334782236293 1.673151236486217 1.263022389417445 -0.615064622716970 2.013443255600166 -0.261234259854818 
6.420150483321989 1.295210545552283 -2.069048564360894 -0.615064622716968 13.672292742932440 -7.912633956117567 2.264821784525453 
-27.991165636761501 -2.179107577889954 3.483398762789194 2.013443255600170 -7.912633956117559 46.482403260274566 -6.342499313956455 
0.510406610935518 3.312997978669911 -0.061871935169815 -0.261234259854818 2.264821784525469 -6.342499313956455 5.966032360430666 
0.034514759680505
7
283.448323985811040
6.891384366702569 25.895251377770055 2.451529754671422 2.186078865787703 12.832080763481923 30.493134317511302 19.893704318259552 
13.230009582832293 -0.637464691842408 -0.094454751257170 0.798061815123237 1.340850827159331 14.191604378750176 -4.235257267740387 
-0.637464691842382 2.997801018160354 0.546913929038014 -0.330432829843702 -5.927673780929076 -2.326305058223021 3.441254206605111 
-0.094454751257170 0.546913929038014 3.236206616880908 0.950039959579720 -2.049059324099451 -0.124937848270095 0.600619687707418 
0.798061815123237 -0.330432829843702 0.950039959579720 1.949484394635329 1.135022219276841 -0.273837820090689 -1.558771202432008 
1.340850827159344 -5.927673780929076 -2.049059324099451 1.135022219276841 33.403993215166750 -7.608315642269416 -5.759263532204225 
14.191604378750176 -2.326305058223021 -0.124937848270095 -0.273837820090676 -7.608315642269467 24.625281374991314 -5.258407537889041 
-4.235257267740387 3.441254206605111 0.600619687707418 -1.558771202432008 -5.759263532204225 -5.258407537889041 7.191210200641931 
0.085376001200545
7
227.322403093241320
54.979508598063582 12.435427418441877 8.385784585811777 5.904450686078748 13.952871962455793 38.926184334229589 6.595241942067473 
16.297207403297332 -4.251207158644196 -0.800784587666098 -1.139927625404255 35.158624941477633 -7.455138193385487 -1.293479168949887 
-4.251207158644196 16.421557966252600 8.792520672362459 3.124669891878789 0.318461921895527 18.148153989549755 2.137756462717852 
-0.800784587666098 8.792520672362443 34.965146461501419 11.549906227157079 3.677509181796998 -6.434835529993745 6.320515221391305 
-1.139927625404255 3.124669891878789 11.549906227157070 12.641243171824817 -2.592902479059121 -9.110746784855008 0.491712115819888 
35.158624941477633 0.318461921895527 3.677509181796998 -2.592902479059121 94.152398580434863 11.923555525465856 -1.372938815789539 
-7.455138193385229 18.148153989549755 -6.434835529993745 -9.110746784855008 11.923555525465856 68.449034570163505 5.430296351502667 
-1.293479168949952 2.137756462717852 6.320515221391297 0.491712115819888 -1.372938815789539 5.430296351502667 13.932061267498927 
0.068470603341338
7
273.235559534220040
29.189964412980689 19.069941028009147 2.680563473011845 3.563188107312307 21.727526157227714 43.774106480529774 10.448807863445600 
17.668897566068516 -0.086007854498745 0.246809235095141 -2.393068616048363 -25.009201062185671 17.305629875676320 -3.125047359116001 
-0.086007854498745 2.812578392731888 -0.159890899372853 -1.037090343373007 -5.180535149720873 2.522809746258852 0.912221526498886 
0.246809235095141 -0.159890899372853 2.947197663824548 1.631902777949501 -0.455044368926125 -0.902936929213914 -1.584353606497622 
-2.393068616048363 -1.037090343373007 1.631902777949501 4.552814605135150 7.036314098350624 -7.432837312800705 -2.542931601657764 
-25.009201062185564 -5.180535149720820 -0.455044368926125 7.036314098350610 67.424896261737345 -50.131581947775302 0.541915302144309 
17.305629875676320 2.522809746258745 -0.902936929213901 -7.432837312800705 -50.131581947775302 42.267514426987965 3.248928983685562 
-3.125047359115947 0.912221526498886 -1.584353606497622 -2.542931601657764 0.541915302144309 3.248928983685562 5.899500469849545 
0.082299867329584
7
84.552343914298135
26.436863728962383 18.186030037557096 22.581479134387994 10.719187837577941 21.435895408069417 22.779068319922242 15.213334575996198 
251.935929115727590 -65.039902726918285 20.286344026532877 23.656156823016843 -61.144880075657866 13.616502684051543 5.679605923605193 
-65.039902726918200 79.006940502849702 -45.561676941084549 -2.824529267770346 -9.479854260370367 15.571863752428758 19.116040126731008 
20.286344026532966 -45.561676941084549 87.222158903764438 20.469862796323245 -3.381264088737834 -16.883604020494786 -16.245313702456404 
23.656156823016890 -2.824529267770346 20.469862796323245 32.053590013747829 -14.401575466004305 0.405148061840518 -0.371484670935558 
-61.144880075657866 -9.479854260370454 -3.381264088737834 -14.401575466004305 171.834008474580800 4.671864460878273 -13.987356925105587 
13.616502684051630 15.571863752428758 -16.883604020494786 0.405148061840474 4.671864460878273 94.768197668798919 5.328480379732046 
5.679605923605193 19.116040126730965 -16.245313702456446 -0.371484670935580 -13.987356925105587 5.328480379732002 55.032754964547841 
0.025467573468162
7
204.284134849048310
35.656605959582265 19.356924550041555 12.494377387065743 6.959977474083556 18.112195208240063 41.224659524696541 10.219732630549277 
27.744783412538883 0.874559416878630 -10.280553950810408 -3.680230334281573 -36.576181521965658 9.466050572944608 -11.512647690202304 
0.874559416878630 13.765114855311593 -3.327493505294409 0.018601589871680 -11.744526045384173 3.426322074671747 1.240986124712196 
-10.280553950810408 -3.327493505294409 40.722963335069913 19.786736227996617 18.994232558861253 -17.251198042842514 5.859939591820588 
-3.680230334281573 0.018601589871662 19.786736227996634 13.415384489651432 9.228092291161214 -11.588653360711552 1.494101138140945 
-36.576181521965658 -11.744526045384244 18.994232558861253 9.228092291161214 71.539594540479825 -32.092572265728201 12.407386981507077 
9.466050572944896 3.426322074671747 -17.251198042842585 -11.588653360711552 -32.092572265728201 30.714711917163456 1.849043018148392 
-11.512647690202233 1.240986124712196 5.859939591820588 1.494101138140945 12.407386981507077 1.849043018148320 13.634855484894848 
0.061531365918388
7
290.657947045412020
67.139032712337183 5.023378739265513 11.453166228137361 5.801907732713278 45.514055514986119 15.461500733251576 7.906814438341130 
46.926822995169225 -1.776102894652239 -9.827554276979344 -2.021573194721121 155.767983883909950 -19.066038844611462 -0.613465970806117 
-1.776102894652239 8.520763618552301 -1.166838219994192 2.277311551791898 -4.381211863688075 17.249506901671459 1.428544240074924 
-9.827554276979242 -1.166838219994192 59.568400862649270 7.049074929047576 -22.558774583336749 -39.968141999398149 16.872516298303037 
-2.021573194721121 2.277311551791904 7.049074929047588 12.941903647113953 -5.098234909253883 -2.423227494910876 3.943836824050320 
155.767983883909950 -4.381211863688075 -22.558774583336749 -5.098234909253883 523.081815095544130 -63.419996796228027 1.505519605528773 
-19.066038844611462 17.249506901671459 -39.968141999398149 -2.423227494910876 -63.419996796228027 106.188839186474710 -9.550512055195743 
-0.613465970806117 1.428544240074924 16.872516298303037 3.943836824050320 1.505519605528823 -9.550512055195767 25.548791608823233 
0.087547574411269
7
183.370917272857610
39.450853511420071 14.672387918037456 2.962901756846834 4.486707224053146 15.671379620005721 42.243260992160430 7.216945906303855 
24.313705894016724 -3.283312071311074 -2.558036109889049 -4.147471360197261 -41.748480458526814 15.797491589415964 -1.633568726622941 
-3.283312071311154 3.444536851961908 -0.395308788865076 -1.081309128172661 -1.197878493843260 6.525194824921675 1.164091601144841 
-2.558036109889049 -0.395308788865076 4.337781750108816 3.960749477993823 6.133260590823205 -6.884260087975275 -2.762073878793611 
-4.147471360197261 -1.081309128172661 3.960749477993823 7.891689278003660 11.021224722830985 -13.133749216366352 -5.191426055254090 
-41.748480458526892 -1.197878493843260 6.133260590823205 11.021224722830985 98.292746408715317 -59.034092387444531 -0.601427820642675 
15.797491589415964 6.525194824921675 -6.884260087975295 -13.133749216366352 -59.034092387444531 56.735528060365347 8.726601143290347 
-1.633568726622941 1.164091601144841 -2.762073878793606 -5.191426055254090 -0.601427820642675 8.726601143290347 8.772745647040281 
0.055232203997849
