line
7
199.345422521308530
32.371357770828524 31.449420928297755 3.362301551334530 2.065128989075001 30.038658199788767 33.343339463311047 30.760204179805640 
4.102018491120648 -2.074299411702705 1.203357573599359 0.369501210790525 0.791714844300012 2.844703151760709 -3.307232753555080 
-2.074299411702705 1.059240480855335 -0.673070040943742 -0.234778988587522 -0.379781180682402 -1.448459517467861 1.694038825785550 
1.203357573599359 -0.673070040943742 2.557898913853263 1.064855196258990 -1.590579033632455 1.943184991548347 -1.444749050378535 
0.369501210790525 -0.234778988587522 1.064855196258991 0.733254089069047 -0.234636013070152 0.387481450318002 -0.506865874311240 
0.791714844300012 -0.379781180682402 -1.590579033632455 -0.234636013070152 6.558351235853688 -3.708286369602289 0.472986058754721 
2.844703151760709 -1.448459517467861 1.943184991548347 0.387481450318002 -3.708286369602289 4.823115574994771 -3.020614726750647 
-3.307232753555080 1.694038825785697 -1.444749050378535 -0.506865874311240 0.472986058754868 -3.020614726750647 2.922658766670141 
0.132985605417818
7
17.166492779855755
30.488125717179955 28.568638253637925 17.674809333608735 12.103003485247159 15.555559514349707 34.359408081304899 21.278171201025849 
73.845455297863353 -30.775011500210571 -22.869091521242897 -17.518895865502490 66.177576504881401 11.993098429055095 -30.325860108855544 
-30.775011500210571 24.532783208227169 10.354722245798529 -8.441255035332583 -13.500708900743538 9.304757091524703 38.741291346065303 
-22.869091521242897 10.354722245798529 103.630780002374390 32.883518013986581 -42.547009903798688 8.751528538273224 13.438896880722268 
-17.518895865502490 -8.441255035332583 32.883518013986581 34.942924793903835 -39.881068326144565 -20.357317650392101 -27.332970687979007 
66.177576504881571 -13.500708900743538 -42.547009903798688 -39.881068326144621 99.661367961067157 14.252252263601203 6.654082519393302 
11.993098429055095 9.304757091524703 8.751528538273224 -20.357317650392101 14.252252263601203 33.522549563596016 24.436142136736674 
-30.325860108855544 38.741291346065303 13.438896880722268 -27.332970687979007 6.654082519393302 24.436142136736560 71.757338766649966 
0.011451963162012
7
40.998143977165405
13.951482653613432 39.777704023687626 11.382118478090174 5.047798874281581 7.810533331887638 41.008319568200498 38.165955121889183 
25.669829551326337 -22.077972412544945 18.597872083281839 17.049816949375966 -11.720458014492475 -13.724185785377584 -36.390656522467019 
-22.077972412544945 28.148539045651891 -20.266092359894362 -27.020002827030467 0.470684428363775 24.917888230359225 51.444827511202831 
18.597872083281839 -20.266092359894362 61.630913115256938 33.180809015581751 7.071372205600175 -5.906672640528248 -38.232689336621313 
17.049816949375977 -27.020002827030421 33.180809015581751 33.186218859008505 9.108627558912280 -23.421888822537028 -52.227960648543998 
-11.720458014492475 0.470684428363775 7.071372205600175 9.108627558912280 26.756357256304454 -4.621733275690586 -5.268589329849098 
-13.724185785377674 24.917888230359225 -5.906672640528248 -23.421888822537028 -4.621733275690631 30.486887472852679 47.216313943812551 
-36.390656522467019 51.444827511202831 -38.232689336621313 -52.227960648543998 -5.268589329849098 47.216313943812551 96.184777036092370 
0.027350329537802
7
110.932932202009040
28.608206922563863 33.424419401156193 5.033789920991174 1.961479273549135 23.059047608283361 34.921478156884952 32.958793283518027 
38.194607363632578 -19.072155856355302 5.172979284897684 1.222552349558715 42.384606341643675 3.366439170171946 -24.818589811320898 
-19.072155856355302 9.525558183049114 -2.614703955096802 -0.624745938172532 -21.140357911234151 -1.696982952257285 12.398421713726755 
5.172979284897684 -2.614703955096835 10.870398135045120 3.471514613603946 -1.302819493418108 5.059837161135362 -4.623334133473526 
1.222552349558715 -0.624745938172523 3.471514613603946 1.169719614506783 -0.641468689065485 1.404143675448199 -1.165427037625256 
42.384606341643675 -21.140357911234151 -1.302819493418108 -0.641468689065485 82.363513842446224 -19.747453339917453 -21.532831435558442 
3.366439170172078 -1.696982952257285 5.059837161135362 1.404143675448199 -19.747453339917453 15.912356813046408 -6.180704846264606 
-24.818589811320898 12.398421713726755 -4.623334133473526 -1.165427037625256 -21.532831435558442 -6.180704846264606 17.156935705484148 
0.074004624551040
7
164.093780973306000
31.784701380973885 31.841514877676509 1.762707701609109 0.674048280287934 30.500879096958098 32.658837418709375 31.599800411366512 
1.446501413545209 -0.704419811180826 0.560539827224871 0.185928129663087 1.012766046639732 0.541470626080526 -1.015489831772242 
-0.704419811180826 0.347158523259406 -0.258549639954091 -0.086515907807786 -0.514023500573732 -0.250757058223925 0.493145263885779 
0.560539827224871 -0.258549639954091 1.499942363901742 0.490848653245560 -0.796671295566623 1.001927051000202 -0.576776208691755 
0.185928129663090 -0.086515907807789 0.490848653245560 0.173990233003013 -0.261404103047737 0.329089783777979 -0.193961420897507 
1.012766046639732 -0.514023500573732 -0.796671295566623 -0.261404103047737 5.149085504897680 -2.611185081291266 0.001440614329084 
0.541470626080526 -0.250757058224103 1.001927051000190 0.329089783777982 -2.611185081291266 2.225102483211843 -0.860342913816796 
-1.015489831772242 0.493145263885779 -0.576776208691755 -0.193961420897507 0.001440614329084 -0.860342913816796 0.833718714208741 
0.109468833204340
7
186.640120378667210
32.510331899416514 31.486302471667180 20.872294083724690 6.970349935921665 26.343269233806197 36.040672843361804 30.327569805545899 
59.147314344290088 -29.581239602255845 26.726748242734445 8.920052355791183 123.379141065901590 -32.997576860259812 -28.733483178148848 
-29.581239602255845 14.795742117598474 -13.378415277379098 -4.465343244210598 -61.728726501787236 16.518546330866485 14.367261037646861 
26.726748242734605 -13.378415277379176 48.873878855889245 16.276386535616243 59.952641990666329 -17.782888941587800 -12.306042607012323 
8.920052355791183 -4.465343244210637 16.276386535616226 5.421960180914696 20.000843517884004 -5.929606125883083 -4.108988095585889 
123.379141065901590 -61.728726501787079 59.952641990666329 20.000843517884004 267.181684711797230 -75.384831156523404 -58.294938360607794 
-32.997576860259812 16.518546330866485 -17.782888941587800 -5.929606125883043 -75.384831156523404 22.785311813843666 14.933768558147207 
-28.733483178148848 14.367261037646861 -12.306042607012245 -4.108988095585889 -58.294938360607951 14.933768558147207 14.235232168385108 
0.124509753421392
7
222.030160715810070
26.413337521967698 34.533213965786871 6.575007827274486 2.202644976824151 22.353299697131597 33.627840112863872 34.746543342066566 
51.609503781900472 -25.826170102351689 14.298718318131170 4.771186994437851 58.303817688936768 4.117853985692594 -33.320366874182938 
-25.826170102351689 12.925247128608286 -7.139675051182676 -2.382406749780384 -29.159158580717484 -2.072588890386780 16.677581295489809 
14.298718318131170 -7.139675051182611 18.758033120060055 6.231753355672068 9.215079716239748 5.762500767377971 -10.385806605350414 
4.771186994437851 -2.382406749780400 6.231753355672068 2.072108561910121 3.060819445358271 1.932083375011160 -3.467974633910981 
58.303817688936768 -29.159158580717484 9.215079716239748 3.060819445358271 127.793050968583880 -36.614282402902148 -27.316607023964334 
4.117853985692594 -2.072588890386780 5.762500767377971 1.932083375011160 -36.614282402902020 27.829623058662300 -9.540506895498282 
-33.320366874183065 16.677581295489809 -10.385806605350380 -3.467974633910981 -27.316607023964334 -9.540506895498547 23.236308993322826 
0.148118853045904
7
222.150869458736110
31.457074361795524 32.006449806286007 0.028698793194128 0.027148514974744 32.186670905911470 31.242772176215233 32.181810676908292 
0.105503175095016 -0.050020087226162 0.000536913001337 -0.000667410381584 -0.097106395616377 0.153609546949863 -0.096026715395324 
-0.050020087226162 0.027435633459734 -0.000455251086570 0.000046580846958 0.046880351719010 -0.074508451409688 0.046686969968047 
0.000536913001337 -0.000455251086570 0.004384189922135 0.000497829067883 -0.000268839891259 0.000295898413329 -0.000660589826667 
-0.000667410381584 0.000046580846958 0.000497829067883 0.004015403884540 0.000241104002436 -0.001627176398942 -0.000250386176728 
-0.097106395616377 0.046880351718879 -0.000268839891259 0.000241104002436 0.095967567061082 -0.145228956795253 0.091463581175260 
0.153609546949863 -0.074508451409556 0.000295898413329 -0.001627176398942 -0.145228956795385 0.233228532346432 -0.143312666679075 
-0.096026715395324 0.046686969968047 -0.000660589826667 -0.000250386176728 0.091463581175260 -0.143312666679075 0.093897439202757 
0.148199379225308
7
11.777178631639428
32.922585859525284 31.135728277910214 2.379717603830261 1.226354765418351 37.067299419492720 28.715732505487036 31.539364736135088 
23.628291433227758 -12.070221913361673 1.103765699530594 -0.365678925140833 23.843128331446739 2.579102924627347 -15.222836639806046 
-12.070221913361673 6.168135576698583 -0.508591330892687 0.194177274951793 -12.248593877392160 -1.266873593421786 7.763799401351404 
1.103765699530594 -0.508591330892687 3.138947338666400 0.600213457803909 0.208582302221034 1.020550278611241 -0.883085847697124 
-0.365678925140833 0.194177274951798 0.600213457803909 0.193448635724878 -0.482877789467953 0.105140474311068 0.210734760711389 
23.843128331446739 -12.248593877391992 0.208582302221055 -0.482877789467953 29.456518483792497 -1.289943323254499 -14.357948805328641 
2.579102924627179 -1.266873593421786 1.020550278611241 0.105140474311068 -1.289943323254330 3.122765665558277 -2.388232476612203 
-15.222836639806046 7.763799401351404 -0.883085847697124 0.210734760711389 -14.357948805328641 -2.388232476612203 10.000016101026267 
0.007856690214569
7
115.474979310961930
30.961453351175791 32.227243153519019 0.217312625488700 0.183528448610153 32.677801617590617 30.461830918656869 32.599822266118245 
0.492556437260564 -0.215399662574367 -0.003025512639032 -0.009775642231248 -0.361600930972340 0.674068368145079 -0.420834735104597 
-0.215399662574367 0.098875504264805 0.003317887090594 0.006010521695840 0.162826764971375 -0.296094732889602 0.188458691723021 
-0.003025512639033 0.003317887090593 0.029499641124355 0.024883751955715 -0.008991169759900 0.002938131480940 -0.001235171398430 
-0.009775642231248 0.006010521695840 0.024883751955715 0.027069877299411 0.003509706519282 -0.011601340388216 0.005870757567096 
-0.361600930972213 0.162826764971502 -0.008991169759900 0.003509706519282 0.325497468183497 -0.534316240663583 0.326838186926435 
0.674068368145206 -0.296094732889602 0.002938131480940 -0.011601340388215 -0.534316240663583 0.960238834042683 -0.585620574131720 
-0.420834735104597 0.188458691723021 -0.001235171398430 0.005870757567096 0.326838186926435 -0.585620574131593 0.372074768967146 
0.077034675991302
7
157.200969376721640
31.369046611545293 32.026912324180749 0.897615572095903 0.829433950466848 32.148798483996025 31.202387607639732 32.179500138682720 
0.277490813973394 -0.144197625969715 0.063989612740197 0.042896566888155 -0.233353152634882 0.397656762002724 -0.272868311584412 
-0.144197625969715 0.079314144511631 -0.041314827764845 -0.029707552652186 0.119431253211719 -0.207084609945050 0.144352877569266 
0.063989612740197 -0.041314827764845 0.248652102757311 0.235423593824515 0.001023384432374 0.039918114585762 -0.077251009198829 
0.042896566888155 -0.029707552652186 0.235423593824515 0.233599817634007 0.019679081115227 0.010047088447006 -0.056903232159569 
-0.233353152635069 0.119431253211719 0.001023384432374 0.019679081115227 0.356558400298306 -0.443036169817342 0.249329938656487 
0.397656762002724 -0.207084609945050 0.039918114585768 0.010047088447006 -0.443036169817342 0.651688781947291 -0.405798841841947 
-0.272868311584599 0.144352877569266 -0.077251009198829 -0.056903232159569 0.249329938656487 -0.405798841841947 0.280242588757662 
0.104870559957786
7
51.188949673818783
33.674438990427880 30.525640636497005 9.756144489716677 4.720437231637814 29.599936643634813 34.144016354469031 28.845874050900239 
24.601916642703159 -12.265771704002459 9.730295634136930 1.777240133820209 2.167353191098506 18.464492591964085 -19.194871752744621 
-12.265771704002459 6.195285400764756 -4.706273621932564 -1.174878086853962 -0.223124915547117 -9.625856698733143 9.932349741953281 
9.730295634136930 -4.706273621932527 38.207927330806818 10.557876057161694 2.978277821663057 6.091702194116759 -6.768126229234704 
1.777240133820209 -1.174878086853962 10.557876057161694 4.947820576846095 -0.621943355867777 1.299590945227977 -2.390412599426881 
2.167353191098506 -0.223124915547117 2.978277821663093 -0.621943355867795 73.465031524849692 -45.384270073671814 12.523611284100783 
18.464492591964085 -9.625856698732852 6.091702194116759 1.299590945227977 -45.384270073671814 44.394947644000560 -23.261387633643128 
-19.194871752744621 9.932349741953281 -6.768126229234704 -2.390412599426881 12.523611284100783 -23.261387633643128 18.405439895152448 
0.034148732270726
