<?xml version="1.0"?>
<opencv_storage>
<!-- My rotation matrix -->
<ROTATION type_id="opencv-matrix">
  <rows>3</rows>
  <cols>3</cols>
  <dt>f</dt>
  <data>
    5.16122114e-003 0.97325814 0.22965614 0.94629401 -0.07899560
    0.31350818 0.32326621 0.21570414 -0.92139602</data></ROTATION>
</opencv_storage>
